# # B (T); M (mu_Bohr/f.u.)
0.000000000000000000e+00 0.000000000000000000e+00
1.739999999999999793e-03 6.091579657090526873e-02
2.905999999999999729e-03 9.396963669915656125e-02
4.319999999999999188e-03 1.373092261470837960e-01
5.793999999999999671e-03 1.821572213111766203e-01
7.207999999999999130e-03 2.279740935372514543e-01
8.538000000000000450e-03 2.699902452926970509e-01
9.889999999999999486e-03 3.127293609509645411e-01
1.117199999999999964e-02 3.530208180288277320e-01
1.233400000000000121e-02 3.908001551451952271e-01
1.338199999999999980e-02 4.239447108947132503e-01
1.469999999999999953e-02 4.660438831686629091e-01
1.594399999999999984e-02 5.063039317978157428e-01
1.725199999999999997e-02 5.481477369899672158e-01
1.852400000000000227e-02 5.886668797482019766e-01
1.983000000000000040e-02 6.300293883455071464e-01
2.117799999999999891e-02 6.730495207732578589e-01
2.254799999999999860e-02 7.177920596941775866e-01
2.401800000000000115e-02 7.640353932975983975e-01
2.539800000000000391e-02 8.089852001850144081e-01
2.682800000000000115e-02 8.537935815480308666e-01
2.825799999999999840e-02 8.988435776669388977e-01
2.964199999999999474e-02 9.422644435205784763e-01
3.089799999999999838e-02 9.809650870464412531e-01
3.223999999999999783e-02 1.022255289722175053e+00
3.355999999999999955e-02 1.062444075993608905e+00
3.489599999999999647e-02 1.102523235520782574e+00
3.626599999999999963e-02 1.141134233523562358e+00
3.761600000000000360e-02 1.179087390606866181e+00
3.894399999999999251e-02 1.210190194949259501e+00
4.029200000000000143e-02 1.235335834148687084e+00
4.170800000000000202e-02 1.251002570567056216e+00
4.283199999999999508e-02 1.258708149544528254e+00
4.399799999999999545e-02 1.264964218600278301e+00
4.529400000000000093e-02 1.270975692314889383e+00
4.664399999999999796e-02 1.277244900684062712e+00
4.807600000000000068e-02 1.280982088449745815e+00
4.929599999999999260e-02 1.285072662436840707e+00
5.060200000000000115e-02 1.289788152752015860e+00
5.192799999999999500e-02 1.294142987705094727e+00
5.323799999999999366e-02 1.298081383167598357e+00
5.452200000000000102e-02 1.304092448899644374e+00
5.578199999999999825e-02 1.308966712707614111e+00
5.716200000000000447e-02 1.315031817723886443e+00
5.855200000000000682e-02 1.318697138686530046e+00
5.986799999999999761e-02 1.323389289772164634e+00
6.111799999999999178e-02 1.327112436808743912e+00
6.257599999999999274e-02 1.332180515316067737e+00
6.392800000000001259e-02 1.335676452837726513e+00
6.526599999999999069e-02 1.340512290721013189e+00
6.658800000000000829e-02 1.345321680617697524e+00
6.803399999999999725e-02 1.349764198783842684e+00
6.920599999999998975e-02 1.353139105508421647e+00
7.058199999999999197e-02 1.357011972312523573e+00
7.193800000000000194e-02 1.360867101940886226e+00
7.325199999999999767e-02 1.363996412254595558e+00
7.450400000000000078e-02 1.368686252103903378e+00
7.570799999999999752e-02 1.371936577127411017e+00
7.677800000000001290e-02 1.375002866365145016e+00
7.809399999999999675e-02 1.378276731073566408e+00
7.916199999999999626e-02 1.380107610819950370e+00
8.037200000000001288e-02 1.383517131667935329e+00
8.174400000000001110e-02 1.387371889815591341e+00
8.298200000000000021e-02 1.391098695448762301e+00
8.429599999999999593e-02 1.395329931182823779e+00
8.564199999999999591e-02 1.398749088643365779e+00
8.699200000000001376e-02 1.401394654619039226e+00
8.816999999999999837e-02 1.404825051680177683e+00
8.951199999999999435e-02 1.407736703713258208e+00
9.083600000000000008e-02 1.410803519988157451e+00
9.215600000000000180e-02 1.415582316121164252e+00
9.347199999999998565e-02 1.416946750273911038e+00
9.466600000000000015e-02 1.419138845430809370e+00
9.606399999999999662e-02 1.422811678401236568e+00
9.752000000000000945e-02 1.425966170878819828e+00
9.892999999999999017e-02 1.429564229119463459e+00
1.002839999999999981e-01 1.434764953148782496e+00
1.016499999999999904e-01 1.438096550310908217e+00
1.030240000000000045e-01 1.440167228408446132e+00
1.044299999999999951e-01 1.442676230905451273e+00
1.058140000000000053e-01 1.445964865851038894e+00
1.072660000000000141e-01 1.449613653470277042e+00
1.085320000000000035e-01 1.452937878663507210e+00
1.098780000000000034e-01 1.456254963911812528e+00
1.109960000000000113e-01 1.458632784692974749e+00
1.121499999999999997e-01 1.461334892843296540e+00
1.132660000000000056e-01 1.463292252013954631e+00
1.145359999999999989e-01 1.465707233557580480e+00
1.159880000000000078e-01 1.468950229946054620e+00
1.172580000000000011e-01 1.471882645950192581e+00
1.185360000000000025e-01 1.474237662284725303e+00
1.197680000000000133e-01 1.478164768786922600e+00
1.209500000000000020e-01 1.480750318281846445e+00
1.221519999999999967e-01 1.482778134109454582e+00
1.234939999999999927e-01 1.487182181702115802e+00
1.248180000000000123e-01 1.489194475846190802e+00
1.260640000000000094e-01 1.492508695032882526e+00
1.272500000000000020e-01 1.495448478532709569e+00
1.284079999999999944e-01 1.497672537864889408e+00
1.296520000000000172e-01 1.500929019148049992e+00
1.309859999999999913e-01 1.503824392999784099e+00
1.324040000000000217e-01 1.506734461870139041e+00
1.336799999999999933e-01 1.508366179616417169e+00
1.348060000000000092e-01 1.510670613447796296e+00
1.360859999999999848e-01 1.513753877973201600e+00
1.373260000000000036e-01 1.516144775770434050e+00
1.386259999999999992e-01 1.519625529346682491e+00
1.397879999999999678e-01 1.522703597392513375e+00
1.410180000000000045e-01 1.525025348805732817e+00
1.421859999999999791e-01 1.527779294978602653e+00
1.434580000000000299e-01 1.530772984104955992e+00
1.446980000000000210e-01 1.533360421648941152e+00
1.460720000000000074e-01 1.536307389363314346e+00
1.471900000000000153e-01 1.538757617997972948e+00
1.485120000000000051e-01 1.541299443888965781e+00
1.498299999999999910e-01 1.543415763523443562e+00
1.511180000000000023e-01 1.546309078272439352e+00
1.523380000000000012e-01 1.549881324590790976e+00
1.537440000000000195e-01 1.553132575726383191e+00
1.550400000000000111e-01 1.555580680134547533e+00
1.562240000000000018e-01 1.558319638088156323e+00
1.574679999999999969e-01 1.560379239219009007e+00
1.587459999999999982e-01 1.562886325473434423e+00
1.601539999999999908e-01 1.565834266718869383e+00
1.615340000000000109e-01 1.568982969740226885e+00
1.628700000000000148e-01 1.571722625618015678e+00
1.640400000000000191e-01 1.575054258320763179e+00
1.654799999999999882e-01 1.578154374986448394e+00
1.667899999999999938e-01 1.579753905988147578e+00
1.681759999999999922e-01 1.582454026985516737e+00
1.695800000000000085e-01 1.586141455915617282e+00
1.709479999999999889e-01 1.589469166654447374e+00
1.721659999999999857e-01 1.590747627884993021e+00
1.732660000000000033e-01 1.592681282950477506e+00
1.744679999999999842e-01 1.594984486423766779e+00
1.757120000000000071e-01 1.599597954435159730e+00
1.769999999999999907e-01 1.601420732975888273e+00
1.783079999999999943e-01 1.605026043010871151e+00
1.796019999999999839e-01 1.606191579738230235e+00
1.810099999999999765e-01 1.610227046064093726e+00
1.824579999999999813e-01 1.613244422006407053e+00
1.836559999999999859e-01 1.615412391681057658e+00
1.848860000000000225e-01 1.617940268941559623e+00
1.862320000000000086e-01 1.620758265422257427e+00
1.876460000000000350e-01 1.624014010316889856e+00
1.888399999999999801e-01 1.626657013014638720e+00
1.901419999999999777e-01 1.628285331354688337e+00
1.914520000000000111e-01 1.631526880840359128e+00
1.925260000000000027e-01 1.633602702279200347e+00
1.936340000000000006e-01 1.636235527676092927e+00
1.948620000000000352e-01 1.637979272167476186e+00
1.959900000000000253e-01 1.640341250633027048e+00
1.972140000000000004e-01 1.642240319763111689e+00
1.984840000000000215e-01 1.645513261832052931e+00
1.997099999999999986e-01 1.648405468408240981e+00
2.009139999999999815e-01 1.650599215262791741e+00
2.020019999999999594e-01 1.653134305642802504e+00
2.031040000000000068e-01 1.654409199260165719e+00
2.042579999999999951e-01 1.657102163597912181e+00
2.053180000000000283e-01 1.659487799794004959e+00
2.063659999999999939e-01 1.661372587197136541e+00
2.075220000000000398e-01 1.664020952337383452e+00
2.087219999999999909e-01 1.666511072270832727e+00
2.099719999999999920e-01 1.669776423352597350e+00
2.113140000000000018e-01 1.672443029662008751e+00
2.125360000000000027e-01 1.672932173304283454e+00
2.139660000000000173e-01 1.676605087540500749e+00
2.152719999999999911e-01 1.679552982721132626e+00
2.165919999999999790e-01 1.681810660166792815e+00
2.179220000000000046e-01 1.685404591190019286e+00
2.192620000000000124e-01 1.687990238814516264e+00
2.205099999999999838e-01 1.689968594706639404e+00
2.219319999999999626e-01 1.693393147276798461e+00
2.231279999999999930e-01 1.695330057118498157e+00
2.243180000000000174e-01 1.697802922989160690e+00
2.256380000000000052e-01 1.701058735343873085e+00
2.268940000000000123e-01 1.702061585077446093e+00
2.281719999999999859e-01 1.705063229519441226e+00
2.292959999999999998e-01 1.707422165014274684e+00
2.304380000000000039e-01 1.710478831140014533e+00
2.316519999999999690e-01 1.712719886049128615e+00
2.328540000000000332e-01 1.715214113529276663e+00
2.341619999999999813e-01 1.716847104651622713e+00
2.356119999999999881e-01 1.719799759320151056e+00
2.369619999999999782e-01 1.723003211309164895e+00
2.383000000000000118e-01 1.725543311963725346e+00
2.397559999999999969e-01 1.728049409830508365e+00
2.412039999999999740e-01 1.731640319967896691e+00
2.426240000000000063e-01 1.734008216102246536e+00
2.439459999999999962e-01 1.737784948513719119e+00
2.452300000000000035e-01 1.740401936350434386e+00
2.465279999999999971e-01 1.742151166677497809e+00
2.479499999999999760e-01 1.743468516917215494e+00
2.493479999999999863e-01 1.747022225654932370e+00
2.506420000000000314e-01 1.749280060083918897e+00
2.520280000000000298e-01 1.752255813313676525e+00
2.533180000000000431e-01 1.755572541893763994e+00
2.545939999999999870e-01 1.758087863944316265e+00
2.557380000000000209e-01 1.759764948916757943e+00
2.569819999999999882e-01 1.762839555262032176e+00
2.583820000000000006e-01 1.765441894415502588e+00
2.597079999999999944e-01 1.768180833885401926e+00
2.610919999999999908e-01 1.771594666361469450e+00
2.622120000000000006e-01 1.774128492366302323e+00
2.636060000000000070e-01 1.775512077001494493e+00
2.649380000000000068e-01 1.778839870482994190e+00
2.663880000000000137e-01 1.782194008879516733e+00
2.677219999999999600e-01 1.784911542637552584e+00
2.689499999999999669e-01 1.786192457737081796e+00
2.703139999999999987e-01 1.788738901858863528e+00
2.716420000000000501e-01 1.792600723566699417e+00
2.730799999999999894e-01 1.795295805987257243e+00
2.743399999999999728e-01 1.797585856679536631e+00
2.756020000000000136e-01 1.800085575466724874e+00
2.768879999999999675e-01 1.802442048915347872e+00
2.783180000000000098e-01 1.804997128611927959e+00
2.796819999999999862e-01 1.808335094581356328e+00
2.809420000000000250e-01 1.809662592378312285e+00
2.822259999999999769e-01 1.811928918124433352e+00
2.835280000000000022e-01 1.815190777283028023e+00
2.848180000000000156e-01 1.818082102537820877e+00
2.861980000000000079e-01 1.819751281170258306e+00
2.877040000000000153e-01 1.822841614097690410e+00
2.889299999999999646e-01 1.825948122010051078e+00
2.901600000000000290e-01 1.828136139926057835e+00
2.915960000000000218e-01 1.830892260695521356e+00
2.928800000000000292e-01 1.833645072555814881e+00
2.942099999999999715e-01 1.835924871492273569e+00
2.954799999999999649e-01 1.838458447413307884e+00
2.965700000000000003e-01 1.841322082888385836e+00
2.977980000000000071e-01 1.843368490806410076e+00
2.990940000000000265e-01 1.846310795874960053e+00
3.002119999999999789e-01 1.847358880386677171e+00
3.013160000000000283e-01 1.849842647301619847e+00
3.025799999999999601e-01 1.852637679070051835e+00
3.039640000000000120e-01 1.855507913347949511e+00
3.051820000000000088e-01 1.857928490581790770e+00
3.063299999999999912e-01 1.860201211656368203e+00
3.075179999999999580e-01 1.861721171158497778e+00
3.089379999999999349e-01 1.864376131055183405e+00
3.103079999999999727e-01 1.868200917053808752e+00
3.116899999999999671e-01 1.870831051438765158e+00
3.131220000000000114e-01 1.873437411851883949e+00
3.143460000000000143e-01 1.875416851423435061e+00
3.157020000000000381e-01 1.878939870350129437e+00
3.170000000000000040e-01 1.880372161144019838e+00
3.182079999999999909e-01 1.883252014359469984e+00
3.195700000000000207e-01 1.887202884018249538e+00
3.209759999999999835e-01 1.890207555185272836e+00
3.222079999999999944e-01 1.891904171177205551e+00
3.235359999999999903e-01 1.895441480997246186e+00
3.249299999999999966e-01 1.897858732909245560e+00
3.262699999999999489e-01 1.900755893315559719e+00
3.276240000000000263e-01 1.902755164369620999e+00
3.289980000000000127e-01 1.904711463510798453e+00
3.304239999999999955e-01 1.908177125512475758e+00
3.316600000000000104e-01 1.909512743880825925e+00
3.329380000000000117e-01 1.914014452965116408e+00
3.342900000000000316e-01 1.916675248272261101e+00
3.356320000000000414e-01 1.917777263096300588e+00
3.369579999999999798e-01 1.921063239800014033e+00
3.382319999999999771e-01 1.924101570774363168e+00
3.394960000000000200e-01 1.925698116516610936e+00
3.409099999999999353e-01 1.928941902232488292e+00
3.423659999999999481e-01 1.931179967796085917e+00
3.436039999999999650e-01 1.934081633798226729e+00
3.446620000000000239e-01 1.935219344508830819e+00
3.457560000000000078e-01 1.938186763276707136e+00
3.468600000000000017e-01 1.940353361658223807e+00
3.480300000000000060e-01 1.943133358097083985e+00
3.493380000000000374e-01 1.945099835671650457e+00
3.506319999999999437e-01 1.947879283194924316e+00
3.519219999999999571e-01 1.950466483679189178e+00
3.530000000000000360e-01 1.952179530224237736e+00
3.541940000000000088e-01 1.955402086155013208e+00
3.555139999999999967e-01 1.958116633596584721e+00
3.566760000000000486e-01 1.960539984551215920e+00
3.579860000000000264e-01 1.962578934110214890e+00
3.592620000000000258e-01 1.965763125917333820e+00
3.606659999999999866e-01 1.968871043932131970e+00
3.618879999999999875e-01 1.971811864497525324e+00
3.629440000000000444e-01 1.972688010654587432e+00
3.643020000000000147e-01 1.976110775037006162e+00
3.656220000000000026e-01 1.978812753479316289e+00
3.669220000000000259e-01 1.981375235256407574e+00
3.682900000000000063e-01 1.983152452331426119e+00
3.695999999999999841e-01 1.985260743683048501e+00
3.709640000000000160e-01 1.988130209180795305e+00
3.722999999999999643e-01 1.991939167200560190e+00
3.736860000000000182e-01 1.993503632857882568e+00
3.751800000000000135e-01 1.997214017813227382e+00
3.764560000000000128e-01 2.000092511910957604e+00
3.775339999999999807e-01 2.003103080885560328e+00
3.787379999999999636e-01 2.005387998786726023e+00
3.799579999999999624e-01 2.007928192941189849e+00
3.811440000000000383e-01 2.009993419266886683e+00
3.824060000000000237e-01 2.011775564772642078e+00
3.836879999999999735e-01 2.014663208586862542e+00
3.850140000000000229e-01 2.017933956721889466e+00
3.862800000000000122e-01 2.019327798718463463e+00
3.875760000000000316e-01 2.021960916868011271e+00
3.888119999999999910e-01 2.024749810850097642e+00
3.901800000000000268e-01 2.028230039317342470e+00
3.914559999999999707e-01 2.030180848798452509e+00
3.927220000000000155e-01 2.032792619084021091e+00
3.939519999999999689e-01 2.035558094418174591e+00
3.953139999999999987e-01 2.037795408480366888e+00
3.966459999999999431e-01 2.041195287157086202e+00
3.977240000000000220e-01 2.042357870114662521e+00
3.989800000000000013e-01 2.045366418951243048e+00
4.003079999999999972e-01 2.047893145574912754e+00
4.017019999999999480e-01 2.051798945853813727e+00
4.029500000000000304e-01 2.053535236314568024e+00
4.041539999999999577e-01 2.056132221091493850e+00
4.055100000000000371e-01 2.059321337771294669e+00
4.068780000000000174e-01 2.062896956316484065e+00
4.080659999999999843e-01 2.065326475106617377e+00
4.093320000000000292e-01 2.066893095554956705e+00
4.105279999999999485e-01 2.068942574880909380e+00
4.120119999999999894e-01 2.071896596438807414e+00
4.133599999999999497e-01 2.074924970369294908e+00
4.147379999999999955e-01 2.077592732103378026e+00
4.158839999999999759e-01 2.079452184139782833e+00
4.170420000000000238e-01 2.082363008489021894e+00
4.183379999999999876e-01 2.085408000369111114e+00
4.196819999999999995e-01 2.086962212349045664e+00
4.210180000000000033e-01 2.089074390215770016e+00
4.222460000000000102e-01 2.092210202673819630e+00
4.234339999999999771e-01 2.095260104573269722e+00
4.247739999999999294e-01 2.097116462873837683e+00
4.261719999999999398e-01 2.100510938269943839e+00
4.273480000000000056e-01 2.103652813482501660e+00
4.285899999999999710e-01 2.105242021782596673e+00
4.299540000000000584e-01 2.108040158064918401e+00
4.312039999999999762e-01 2.111377908925617497e+00
4.325699999999999545e-01 2.114055932286126982e+00
4.338759999999999839e-01 2.116567292078179285e+00
4.352360000000000118e-01 2.118858534239651981e+00
4.365899999999999781e-01 2.122580438150825977e+00
4.380020000000000024e-01 2.124827157252019649e+00
4.393839999999999968e-01 2.128367826075498126e+00
4.406280000000000752e-01 2.130477847146848625e+00
4.418900000000000050e-01 2.133428194628227192e+00
4.431140000000000079e-01 2.135729531428509187e+00
4.443500000000000227e-01 2.138253996783566091e+00
4.456960000000000366e-01 2.140845338510912299e+00
4.470639999999999614e-01 2.143975326330638698e+00
4.483139999999999903e-01 2.146041112971798448e+00
4.494980000000000087e-01 2.148229590593592864e+00
4.507860000000000200e-01 2.151343176385904776e+00
4.520620000000000194e-01 2.154261040541062489e+00
4.534420000000000117e-01 2.157301933495854307e+00
4.545860000000000456e-01 2.159666878395061662e+00
4.556499999999999995e-01 2.160607646547775484e+00
4.567800000000000193e-01 2.162837729916289309e+00
4.578319999999999612e-01 2.166104223019305497e+00
4.589739999999999931e-01 2.167943969287022377e+00
4.601099999999999635e-01 2.170334042381506290e+00
4.611640000000000184e-01 2.171525853543276874e+00
4.623459999999999792e-01 2.174736317311995570e+00
4.638300000000000201e-01 2.177541648053211709e+00
4.650539999999999674e-01 2.180580659039400793e+00
4.662519999999999998e-01 2.182981029056767497e+00
4.675559999999999716e-01 2.185375937019312431e+00
4.688639999999999475e-01 2.188439411225439724e+00
4.704140000000000543e-01 2.192150206358255637e+00
4.716259999999999897e-01 2.193640168006917079e+00
4.727240000000000331e-01 2.196341396444193350e+00
4.740219999999999989e-01 2.199844699599172948e+00
4.754520000000000413e-01 2.202412655305016287e+00
4.766619999999999746e-01 2.204528080866547057e+00
4.779860000000000220e-01 2.207637774623713689e+00
4.793860000000000343e-01 2.210820587729234177e+00
4.807559999999999611e-01 2.214646802641717649e+00
4.819740000000000135e-01 2.216710761480199743e+00
4.831840000000000579e-01 2.219366468134457815e+00
4.843979999999999952e-01 2.221334805247785926e+00
4.856359999999999566e-01 2.223548916570342815e+00
4.869580000000000020e-01 2.226711285995246037e+00
4.884519999999999418e-01 2.230048243732935642e+00
4.899860000000000326e-01 2.232636799031936015e+00
4.913719999999999755e-01 2.235995257647794610e+00
4.928080000000000238e-01 2.238211615572004209e+00
4.941019999999999857e-01 2.241536689180091191e+00
4.955180000000000140e-01 2.244215645367580780e+00
4.968320000000000514e-01 2.247705137333551040e+00
4.978659999999999752e-01 2.250191626708998527e+00
4.991900000000000226e-01 2.252500557496166955e+00
5.005800000000000249e-01 2.254838477879422154e+00
5.019400000000000528e-01 2.259017898431990634e+00
5.032679999999999376e-01 2.260566515645886287e+00
5.044779999999999820e-01 2.263186194401766826e+00
5.057640000000001024e-01 2.265628465185625551e+00
5.069120000000000292e-01 2.268647630615720168e+00
5.080419999999999936e-01 2.270058125177619512e+00
5.093160000000001020e-01 2.273296897305306707e+00
5.104420000000000623e-01 2.276458291951901636e+00
5.115020000000000122e-01 2.278727618652041542e+00
5.127059999999999951e-01 2.281507368776829914e+00
5.141240000000000254e-01 2.283739714928516573e+00
5.154940000000000078e-01 2.286697086375436783e+00
5.169340000000000046e-01 2.290571994159722458e+00
5.181739999999999124e-01 2.292860383479314201e+00
5.194399999999999018e-01 2.295623167960916255e+00
5.208819999999999562e-01 2.298234070085825920e+00
5.223200000000000065e-01 2.301435313707440589e+00
5.236520000000000064e-01 2.304480559972175602e+00
5.248440000000000882e-01 2.305695342833155692e+00
5.259300000000000086e-01 2.308606869277583851e+00
5.269899999999999585e-01 2.311494899589607854e+00
5.283999999999999808e-01 2.314117405249232817e+00
5.296939999999999982e-01 2.316419492998522678e+00
5.307899999999999840e-01 2.319640441963252808e+00
5.318500000000000449e-01 2.321502101067475898e+00
5.331139999999999768e-01 2.323280430769198546e+00
5.344139999999999446e-01 2.327053021081566975e+00
5.357779999999999765e-01 2.330753406376758985e+00
5.370159999999999378e-01 2.333728858533806960e+00
5.384420000000000872e-01 2.336088876852195906e+00
5.398680000000000145e-01 2.338317210775937127e+00
5.412019999999999609e-01 2.342815189050068803e+00
5.425360000000000182e-01 2.345175395176771982e+00
5.440039999999999321e-01 2.347926426143447820e+00
5.454619999999998914e-01 2.350353869315747968e+00
5.470200000000000617e-01 2.354670422627759496e+00
5.485039999999999916e-01 2.359095688893099840e+00
5.498499999999999499e-01 2.361260218405202949e+00
5.510279999999999623e-01 2.363653224547080267e+00
5.522239999999999371e-01 2.366631241461560897e+00
5.535400000000000320e-01 2.368718307539059431e+00
5.547760000000000469e-01 2.371623120011022490e+00
5.560140000000000082e-01 2.373807466827211776e+00
5.570839999999999126e-01 2.377636962891105377e+00
5.584260000000000890e-01 2.380772442514121678e+00
5.598119999999999763e-01 2.383573330223809350e+00
5.612500000000000266e-01 2.386084271010551650e+00
5.626500000000000945e-01 2.389427163262503040e+00
5.639619999999999633e-01 2.392999037287625530e+00
5.651699999999999502e-01 2.396044928103038263e+00
5.665440000000000476e-01 2.398277666432334421e+00
5.679719999999999214e-01 2.401231481942351031e+00
5.693120000000000402e-01 2.402805623944817004e+00
5.706139999999999546e-01 2.405671839762239195e+00
5.718699999999999894e-01 2.409329585931630824e+00
5.732099999999999973e-01 2.412629737897811211e+00
5.745319999999999316e-01 2.415182038349070304e+00
5.758839999999999515e-01 2.417863881680013094e+00
5.772580000000000489e-01 2.421108787939682649e+00
5.786140000000000727e-01 2.424745497010932560e+00
5.800680000000000280e-01 2.427098595427191086e+00
5.814120000000000399e-01 2.429930920560946284e+00
5.827340000000000853e-01 2.432706009384477230e+00
5.840999999999999526e-01 2.436395945385420703e+00
5.854439999999999644e-01 2.439289678549108498e+00
5.868300000000000738e-01 2.443001073949451207e+00
5.881640000000000201e-01 2.446193652000827168e+00
5.894559999999999800e-01 2.448363852109809891e+00
5.907459999999999933e-01 2.450627241961643055e+00
5.918060000000000542e-01 2.454037538905099236e+00
5.930940000000000101e-01 2.457341120588126149e+00
5.942999999999999394e-01 2.459193124274181130e+00
5.954519999999999813e-01 2.462868310916340953e+00
5.967160000000000242e-01 2.465841293415082180e+00
5.980560000000000320e-01 2.466650380736266968e+00
5.993760000000000199e-01 2.470296611905411055e+00
6.006340000000000012e-01 2.473835549678161438e+00
6.020760000000000556e-01 2.477176809897732035e+00
6.033020000000000049e-01 2.480321028229460989e+00
6.046500000000000208e-01 2.483519898254614944e+00
6.058580000000000076e-01 2.486083736766839358e+00
6.070459999999999745e-01 2.489431559014246176e+00
6.081519999999999149e-01 2.492477473920340802e+00
6.093520000000000048e-01 2.494382986239433997e+00
6.104300000000000281e-01 2.496099842492228493e+00
6.118180000000000840e-01 2.500665644886622463e+00
6.132560000000000233e-01 2.503048816724599668e+00
6.145519999999999872e-01 2.506314612400452280e+00
6.156599999999998740e-01 2.508907835688900967e+00
6.170799999999999619e-01 2.512712685481496511e+00
6.184260000000000312e-01 2.515825745716348205e+00
6.198439999999999506e-01 2.518936810825162631e+00
6.209460000000001090e-01 2.520903250847328358e+00
6.221999999999999753e-01 2.524721316713619323e+00
6.232819999999998917e-01 2.527431807911563855e+00
6.244560000000000111e-01 2.530200330568324496e+00
6.257319999999999549e-01 2.533297968472207451e+00
6.268719999999999848e-01 2.535946546728636619e+00
6.282759999999999456e-01 2.538583129363866764e+00
6.294079999999999675e-01 2.542120589784593321e+00
6.306700000000000639e-01 2.545600101272381011e+00
6.319459999999998967e-01 2.548173987286213915e+00
6.333320000000000061e-01 2.551698205375296791e+00
6.345160000000000800e-01 2.555108293216301618e+00
6.357959999999999168e-01 2.558154102764564009e+00
6.370780000000000332e-01 2.560870522268579919e+00
6.383240000000000025e-01 2.563644416062468956e+00
6.395500000000000629e-01 2.565765588240971340e+00
6.408120000000000482e-01 2.568986742882988672e+00
6.421839999999999771e-01 2.572985607508019523e+00
6.435920000000000529e-01 2.577679882626517927e+00
6.450100000000000833e-01 2.580792459502931457e+00
6.461440000000000516e-01 2.583707427527417444e+00
6.473500000000000920e-01 2.587499400705386421e+00
6.486060000000000159e-01 2.588947943626072501e+00
6.497559999999998892e-01 2.592100805554375942e+00
6.510320000000000551e-01 2.596473248428976088e+00
6.524780000000000024e-01 2.599523397528390234e+00
6.536920000000000508e-01 2.603022640989757441e+00
6.547779999999999712e-01 2.605851149783793286e+00
6.561299999999998800e-01 2.608782036793790393e+00
6.575459999999999638e-01 2.612414586398386973e+00
6.588640000000000052e-01 2.616736607599436937e+00
6.600199999999999401e-01 2.619381099684756631e+00
6.614619999999999944e-01 2.622802479255801789e+00
6.626919999999999478e-01 2.627361395683878165e+00
6.638720000000000176e-01 2.630301463649278748e+00
6.652120000000000255e-01 2.633822380163910459e+00
6.664619999999999989e-01 2.637629399765864413e+00
6.679139999999998967e-01 2.641178219276643535e+00
6.692799999999999860e-01 2.644915562105180307e+00
6.705840000000000689e-01 2.647699368165160827e+00
6.719380000000000353e-01 2.651287676750844202e+00
6.731659999999999311e-01 2.655504916065467569e+00
6.744420000000000970e-01 2.658676783571394253e+00
6.756800000000000583e-01 2.661869061705615547e+00
6.771039999999999281e-01 2.666735641367854903e+00
6.783200000000000340e-01 2.670654660794762325e+00
6.793739999999999224e-01 2.673940436286823541e+00
6.807060000000000333e-01 2.678240680409547547e+00
6.820580000000000531e-01 2.681936530840652200e+00
6.833159999999999235e-01 2.685631847409370110e+00
6.845139999999999558e-01 2.689809922390369756e+00
6.857440000000000202e-01 2.694277125315019727e+00
6.872059999999999835e-01 2.700219391381774692e+00
6.885799999999999699e-01 2.703075085072375483e+00
6.899020000000000152e-01 2.708099582778996872e+00
6.912179999999999991e-01 2.712557241861385027e+00
6.926320000000000254e-01 2.717854712611152301e+00
6.940520000000000023e-01 2.721806024919613431e+00
6.951920000000000321e-01 2.726686374330604234e+00
6.965559999999999530e-01 2.731910981599533716e+00
6.979859999999999953e-01 2.736629867473507005e+00
6.992499999999999272e-01 2.739780273037296432e+00
7.003179999999999961e-01 2.742881388698519718e+00
7.016019999999999479e-01 2.747557693088311215e+00
7.028860000000000108e-01 2.751144505544484531e+00
7.042019999999999946e-01 2.753520287676507028e+00
7.054540000000000255e-01 2.756882161899095074e+00
7.067320000000000269e-01 2.759764361980564740e+00
7.080420000000000602e-01 2.762413848775698622e+00
7.094240000000000546e-01 2.765328211630721178e+00
7.107900000000000329e-01 2.767453730752075902e+00
7.121260000000001478e-01 2.769752887649913120e+00
7.134220000000000006e-01 2.772998962214300978e+00
7.147400000000000420e-01 2.774278878799509407e+00
7.161379999999999413e-01 2.776243582904100560e+00
7.174540000000000362e-01 2.779479459002003772e+00
7.187980000000000480e-01 2.781523963092523921e+00
7.200860000000000039e-01 2.782866474081253649e+00
7.212100000000001288e-01 2.785071449505012620e+00
7.224360000000000781e-01 2.785979076029321710e+00
7.237039999999999029e-01 2.788417192807098210e+00
7.249659999999999993e-01 2.789888165822468125e+00
7.263660000000000672e-01 2.790339254666374114e+00
7.276660000000000350e-01 2.792814625353805091e+00
7.288019999999999499e-01 2.794743499823005628e+00
7.301719999999999322e-01 2.796175392669521642e+00
7.314360000000000861e-01 2.797845017450450111e+00
7.326679999999999859e-01 2.800533646610846361e+00
7.340159999999998908e-01 2.802285826669293378e+00
7.352239999999999887e-01 2.803757481356633718e+00
7.366460000000001340e-01 2.805543101322047317e+00
7.379339999999999788e-01 2.807464755589921701e+00
7.393740000000000867e-01 2.809296395454338402e+00
7.406360000000000721e-01 2.810765627390875210e+00
7.418780000000000374e-01 2.812207274699047410e+00
7.431400000000000228e-01 2.813346831596857278e+00
7.444020000000000081e-01 2.814758043219513617e+00
7.457439999999999625e-01 2.816649878136613605e+00
7.471459999999999768e-01 2.818225348470150937e+00
7.483540000000000747e-01 2.819913487472772040e+00
7.494439999999999991e-01 2.820729082296781431e+00
7.507719999999999949e-01 2.822344427887739648e+00
7.521940000000000293e-01 2.825191730561837922e+00
7.533420000000000671e-01 2.826256558658649443e+00
7.545040000000000635e-01 2.826946224967976207e+00
7.556659999999999489e-01 2.828788208929770676e+00
7.571179999999999577e-01 2.830907907669210299e+00
7.584679999999999200e-01 2.832327287663078952e+00
7.597080000000000499e-01 2.832892826111260032e+00
7.609339999999999993e-01 2.834871894002174209e+00
7.621139999999999581e-01 2.835736037224349193e+00
7.633600000000000385e-01 2.836554318245590345e+00
7.646680000000000144e-01 2.837317953519064684e+00
7.659300000000001107e-01 2.838554313821886943e+00
7.671219999999999706e-01 2.841140183896849969e+00
7.685000000000000719e-01 2.842079171835484974e+00
7.699120000000000408e-01 2.843402593262373212e+00
7.713460000000000871e-01 2.845948014380351498e+00
7.724619999999999820e-01 2.846036744845010791e+00
7.736199999999999743e-01 2.847466225269131623e+00
7.750040000000000262e-01 2.848632445170619754e+00
7.763679999999999470e-01 2.849762902062662029e+00
7.778340000000000254e-01 2.851391440807188982e+00
7.792519999999998337e-01 2.852937686843340259e+00
7.805539999999999701e-01 2.854253708368884368e+00
7.817399999999999904e-01 2.855605990658909299e+00
7.829779999999999518e-01 2.856977118092444812e+00
7.843200000000000172e-01 2.858042066070018539e+00
7.855520000000000280e-01 2.859139658005381168e+00
7.869619999999999393e-01 2.860270826027694113e+00
7.883360000000001477e-01 2.861404603868476393e+00
7.898159999999999625e-01 2.862631170172815764e+00
7.911940000000000639e-01 2.864480315202847294e+00
7.926560000000000272e-01 2.865630669445751177e+00
7.940840000000000121e-01 2.866964000606537777e+00
7.953360000000000429e-01 2.868286970806643854e+00
7.964839999999999698e-01 2.869060796529267598e+00
7.978400000000001047e-01 2.870362441466544290e+00
7.993060000000000720e-01 2.871908090258645352e+00
8.005480000000000373e-01 2.873030856465947913e+00
8.018959999999999422e-01 2.873846915464228324e+00
8.033500000000000085e-01 2.876147096994793095e+00
8.046959999999998558e-01 2.876795923031959745e+00
8.061400000000000787e-01 2.877939879953881341e+00
8.074000000000000066e-01 2.879429296516037518e+00
8.085180000000000700e-01 2.881325949565200606e+00
8.097459999999999658e-01 2.881045211313131738e+00
8.110180000000000167e-01 2.882092503856113819e+00
8.121420000000000305e-01 2.884031743599243747e+00
8.134179999999998634e-01 2.885649457330537793e+00
8.148279999999999967e-01 2.886640498443266978e+00
8.158980000000000121e-01 2.887597782766808674e+00
8.169340000000000490e-01 2.886654565633108405e+00
8.182199999999999473e-01 2.889565864815916374e+00
8.195460000000001077e-01 2.890478577920239545e+00
8.208780000000001076e-01 2.891730957671535762e+00
8.221840000000000259e-01 2.892649058857971855e+00
8.235460000000000003e-01 2.893043886929006270e+00
8.248839999999999506e-01 2.894829624726573680e+00
8.261119999999999575e-01 2.895671250389206808e+00
8.275059999999999638e-01 2.897181345927813290e+00
8.287759999999998461e-01 2.898536625804002398e+00
8.300539999999999585e-01 2.899009393404178958e+00
8.314239999999999409e-01 2.899193027866393102e+00
8.328419999999999712e-01 2.900709013856165086e+00
8.341099999999999071e-01 2.901798503356292080e+00
8.354260000000000019e-01 2.902500762243526378e+00
8.368299999999999628e-01 2.904170212101309101e+00
8.382859999999998646e-01 2.906277009717215698e+00
8.397780000000001355e-01 2.906629612987711830e+00
8.412599999999998968e-01 2.907929257983556948e+00
8.424339999999999051e-01 2.909524396624329601e+00
8.437060000000000670e-01 2.910411370820499499e+00
8.449220000000000619e-01 2.910719482815736558e+00
8.462780000000000857e-01 2.911561687235625584e+00
8.474400000000000821e-01 2.913152889897755671e+00
8.488519999999999399e-01 2.913904503681200353e+00
8.502579999999999583e-01 2.914522095441545169e+00
8.516060000000000851e-01 2.916803013008597567e+00
8.528359999999999275e-01 2.916654735342519622e+00
8.540340000000000709e-01 2.918138469221583708e+00
8.553059999999998997e-01 2.918548732979137306e+00
8.565580000000000416e-01 2.920088068758137645e+00
8.578520000000000589e-01 2.920906972675536117e+00
8.590400000000000258e-01 2.922712563929068974e+00
8.602760000000000407e-01 2.922550094908809903e+00
8.616099999999999870e-01 2.923470791861045637e+00
8.630660000000001109e-01 2.923294375039549475e+00
8.643380000000000507e-01 2.924429207805980813e+00
8.656739999999999435e-01 2.926010133681031800e+00
8.668340000000001044e-01 2.927660634528083783e+00
8.681100000000000483e-01 2.928506170538633047e+00
8.693960000000000576e-01 2.927694473272857589e+00
8.706799999999998985e-01 2.928771204535871142e+00
8.719919999999999893e-01 2.930356787632546922e+00
8.732760000000000522e-01 2.931971868475579335e+00
8.745700000000000696e-01 2.933459130263288639e+00
8.759299999999999864e-01 2.933820266093468909e+00
8.772540000000000893e-01 2.934267010175601875e+00
8.784240000000000936e-01 2.934501787437592046e+00
8.797000000000000375e-01 2.936433216584691586e+00
8.811139999999999528e-01 2.938222022598059535e+00
8.824239999999999862e-01 2.939076759705010922e+00
8.835859999999999825e-01 2.939906815722957312e+00
8.849339999999999984e-01 2.939936643435640207e+00
8.862900000000000222e-01 2.941381216802472665e+00
8.875480000000000036e-01 2.941830873948477532e+00
8.887119999999999465e-01 2.943187836647460642e+00
8.901080000000000103e-01 2.944412061284164217e+00
8.912459999999999827e-01 2.944835681987831855e+00
8.924920000000000631e-01 2.944723713394354458e+00
8.937720000000000109e-01 2.946393192548096174e+00
8.949959999999999027e-01 2.947148414566393981e+00
8.962419999999999831e-01 2.948485024288339140e+00
8.975940000000000030e-01 2.948520562663104805e+00
8.988199999999999523e-01 2.949526516742931648e+00
8.998880000000000212e-01 2.950521804370440204e+00
9.012419999999998765e-01 2.952071790011038921e+00
9.025560000000000249e-01 2.952376668268807069e+00
9.037560000000001148e-01 2.953155670348773576e+00
9.050499999999999101e-01 2.954125488249589981e+00
9.063760000000000705e-01 2.954253932772841207e+00
9.075899999999998968e-01 2.955621618335904088e+00
9.087720000000001352e-01 2.956299672633221576e+00
9.100020000000000886e-01 2.957153739921059898e+00
9.113919999999999799e-01 2.956763489854016491e+00
9.126499999999999613e-01 2.957591046770046805e+00
9.140499999999999181e-01 2.959627645935967610e+00
9.153980000000000450e-01 2.960983689553359888e+00
9.167140000000000288e-01 2.961629082293277371e+00
9.178399999999999892e-01 2.962183671273845853e+00
9.190659999999999386e-01 2.962771648242630729e+00
9.204200000000000159e-01 2.963405892087112470e+00
9.217839999999999367e-01 2.964381954144741371e+00
9.231040000000000356e-01 2.965661913756398427e+00
9.243780000000001440e-01 2.965909582799195032e+00
9.257279999999999953e-01 2.967820923288649215e+00
9.269899999999999807e-01 2.967424008196183571e+00
9.281220000000001136e-01 2.969522623289788221e+00
9.292700000000000404e-01 2.969857110410375700e+00
9.305999999999998717e-01 2.969368595952104339e+00
9.319680000000000186e-01 2.970407798412383560e+00
9.332419999999999050e-01 2.971527195665603305e+00
9.344740000000000268e-01 2.972173448377129823e+00
9.356560000000000432e-01 2.974443930007902193e+00
9.368680000000001451e-01 2.974195666257533510e+00
9.381600000000001049e-01 2.975315905073483869e+00
9.392959999999999088e-01 2.976388830944768138e+00
9.404199999999999227e-01 2.976890891662878680e+00
9.414999999999998925e-01 2.978055704704016815e+00
9.427299999999998459e-01 2.978175290508882078e+00
9.438519999999999133e-01 2.978841377843164828e+00
9.450419999999999376e-01 2.978910558665453401e+00
9.463399999999999590e-01 2.979949407438713394e+00
9.474400000000000599e-01 2.980860781604738996e+00
9.486299999999999732e-01 2.980054514340972460e+00
9.500460000000000571e-01 2.980777123846920951e+00
9.513540000000000330e-01 2.983056540189847006e+00
9.526259999999998618e-01 2.983254975091786498e+00
9.538940000000000197e-01 2.984625408513842615e+00
9.552279999999999660e-01 2.984682855384227285e+00
9.563800000000000079e-01 2.986275424256811917e+00
9.577180000000000692e-01 2.986462235387421948e+00
9.590680000000000316e-01 2.985773556504645043e+00
9.603460000000000329e-01 2.987525687792878859e+00
9.617039999999998923e-01 2.988659264446519082e+00
9.629419999999999646e-01 2.990209659460714597e+00
9.641379999999999395e-01 2.990551836141129627e+00
9.655719999999998748e-01 2.991085485555037060e+00
9.669840000000000657e-01 2.992086324791865426e+00
9.682959999999999345e-01 2.993161594118888935e+00
9.697179999999999689e-01 2.993439932190318675e+00
9.712339999999999307e-01 2.993854915520411719e+00
9.725219999999999976e-01 2.995316477040129488e+00
9.737600000000000700e-01 2.995040073996706909e+00
9.750819999999998933e-01 2.996345613712070755e+00
9.764139999999998931e-01 2.996481897588502363e+00
9.776279999999999415e-01 2.997170482396294577e+00
9.789860000000001339e-01 2.999150814326404735e+00
9.802020000000000177e-01 3.000213879368012204e+00
9.813920000000001531e-01 3.000391090175731357e+00
9.826539999999999164e-01 3.000189774807064946e+00
9.840740000000000043e-01 3.000759501940668095e+00
9.853800000000001447e-01 3.001917531395640992e+00
9.867100000000000870e-01 3.002783478529562622e+00
9.879939999999999278e-01 3.002835414810180570e+00
9.890699999999998937e-01 3.002905107274466356e+00
9.904299999999999216e-01 3.003958152043412877e+00
9.917980000000001795e-01 3.004865843986022966e+00
9.930999999999998717e-01 3.005402753521508430e+00
9.944539999999999491e-01 3.006377747876773476e+00
9.958299999999999930e-01 3.007278728703025816e+00
9.971900000000000208e-01 3.006600553024723510e+00
9.985079999999999512e-01 3.008680423953308924e+00
9.997149999999999093e-01 3.009310681208458682e+00
